804 105
596 607
144 676
453 564
581 239
261 118
323 142
440 294
1056 385
377 309
1072 568
941 337
240 713
405 760
778 742
765 436
503 581
328 447
139 666
424 760
180 582
856 688
654 755
32 305
459 31
594 520
711 579
550 736
340 66
657 145
595 307
56 411
715 500
798 398
1008 611
295 46
145 255
277 142
1111 709
969 168
1022 729
664 494
504 757
1060 521
309 246
321 27
329 140
530 575
805 167
303 702
319 384
569 460
876 355
624 225
579 229
1104 282
254 276
319 434
916 304
104 486
806 17
280 435
583 172
866 718
973 373
531 583
746 713
1056 306
510 750
981 746
496 491
192 740
386 695
913 707
1015 685
1060 240
143 479
233 197
288 710
97 420
785 464
486 18
933 163
797 219
478 670
131 630
594 84
223 54
960 209
257 459
467 638
47 733
617 119
719 25
823 515
164 395
1012 243
319 632
239 111
162 97
232 398
568 16
882 86
886 12
485 103
458 746
794 367
154 652
639 356
535 512
648 513
626 568
826 454
1046 158
932 279
966 537
147 76
447 678
377 16
203 331
415 473
677 452
304 125
916 317
205 323
296 566
755 358
622 404
1088 576
323 141
207 440
212 48
312 533
956 460
95 186
588 415
324 30
342 725
82 731
536 433
882 390
29 306
116 86
40 502
616 659
1042 439
826 757
282 600
488 408
357 433
354 159
373 713
1016 545
514 479
188 455
515 3
316 546
452 511
622 597
1081 124
748 144
64 166
359 719
914 222
889 391
585 408
725 689
286 436
203 67
562 294
740 308
555 721
460 700
334 12
667 440
265 493
648 116
1019 95
170 86
695 728
1018 124
946 496
89 700
406 285
521 630
552 353
321 436
570 197
784 83
911 303
730 605
788 160
313 663
1081 373
1 98
475 51
531 412
542 375
635 639
978 371
