383 186
535 333
280 371
515 226
680 92
726 58
757 38
233 410
202 426
160 453
455 266
419 288
404 296
374 314
545 207
583 174
330 133
581 383
604 407
638 433
667 471
708 500
735 522
294 114
276 73
235 49
125 141
88 311
314 550
536 565
764 195
772 306
440 24
612 21
459 179
337 255
428 379
549 286
93 218
110 220
137 223
166 229
193 232
215 235
241 238
265 243
293 245
314 249
428 493
540 82
634 250
22 23
23 60
18 114
15 172
19 211
18 263
20 295
18 343
15 375
19 410
17 482
27 518
25 557
60 558
96 556
183 526
2 57
4 236
13 475
3 496
2 512
85 580
48 448
39 150
