94 473
648 118
405 45
73 33
514 324
104 449
721 421
299 118
569 72
572 49
527 378
58 200
164 31
50 474
160 8
90 417
237 7
499 526
302 525
39 368
437 58
130 157
617 146
191 148
394 48
103 129
431 150
164 275
578 281
778 270
10 163
669 374
345 243
367 528
66 279
639 480
58 57
412 334
377 469
436 558
633 472
243 71
691 520
129 26
629 96
129 526
711 341
484 162
193 305
650 215
613 196
133 13
208 179
115 264
573 370
776 543
726 20
513 118
759 426
596 318
198 247
81 535
246 532
718 284
376 144
256 558
764 109
137 274
502 167
671 334
584 414
245 97
137 135
765 509
729 242
242 300
598 164
90 209
183 146
556 205
306 384
762 281
242 18
750 430
673 107
440 397
686 108
628 315
86 545
582 47
733 25
437 37
735 473
152 404
56 476
185 227
452 293
143 50
579 483
672 84
215 138
11 435
668 366
501 336
376 334
194 173
398 365
327 202
79 529
427 289
655 153
523 24
742 100
81 217
2 416
629 163
61 349
632 407
22 472
165 180
135 360
166 290
445 547
691 553
67 487
772 484
222 210
241 6
447 566
626 396
411 155
450 446
604 564
172 530
643 419
249 169
546 137
254 127
40 98
371 5
228 89
225 97
572 567
781 418
228 463
100 33
8 309
615 528
34 260
569 349
563 566
101 213
405 404
104 28
27 51
753 233
389 460
305 216
767 236
28 465
761 293
484 15
463 152
219 96
352 244
137 352
347 509
227 185
19 536
510 20
658 552
534 118
654 423
439 128
111 241
726 371
322 540
492 125
277 59
608 149
325 563
469 359
715 207
751 363
392 40
271 34
592 0
751 14
643 242
150 504
549 34
18 20
386 313
151 300
193 43
756 537
113 229
486 508
272 38
226 278
602 546
564 41
53 505
690 239
759 351
309 546
713 531
435 207
739 328
96 218
127 258
294 248
82 247
716 210
297 50
530 440
99 416
75 445
265 554
757 365
515 456
428 374
533 15
9 136
657 154
727 457
738 533
246 189
439 171
758 375
746 302
23 514
726 372
636 114
638 461
14 578
468 289
562 221
703 427
584 45
323 396
409 67
124 520
637 123
313 450
158 25
772 187
527 80
589 387
561 24
168 475
328 27
193 546
146 259
154 544
334 482
430 518
182 158
782 533
567 20
646 349
624 24
462 567
5 160
645 337
492 136
13 410
676 348
204 276
681 129
553 214
10 271
270 218
387 55
69 233
109 488
737 397
170 358
14 219
359 158
728 530
487 360
240 112
635 493
20 370
8 304
35 292
257 266
459 193
546 125
376 531
146 246
344 460
229 195
381 144
453 515
12 347
229 463
585 230
124 88
