1113 794
233 730
230 418
454 783
610 229
378 383
1074 706
498 676
188 818
178 594
1115 590
1007 745
780 793
854 755
402 819
466 709
57 242
763 413
7 752
926 451
848 574
221 210
957 582
492 215
1005 533
887 769
857 9
480 302
1110 345
130 294
793 512
574 572
944 496
420 619
117 888
836 301
95 595
1018 320
513 597
1097 44
496 469
1062 692
134 507
27 36
947 309
531 563
808 448
894 168
141 508
443 271
305 679
151 820
954 409
864 92
119 64
989 292
458 60
995 166
701 671
578 249
591 300
950 686
576 107
694 530
973 648
258 806
301 609
875 622
433 31
1034 601
894 832
1052 695
523 133
243 588
689 550
634 344
55 105
872 847
1022 337
446 658
943 163
267 350
947 889
63 662
325 176
900 531
928 765
543 544
448 66
333 328
1015 871
1097 230
174 765
950 136
1012 758
879 10
718 171
932 554
771 493
1045 432
103 436
407 376
912 880
627 181
714 154
608 752
87 29
931 787
231 887
262 897
159 817
938 405
466 711
1069 573
21 784
1034 768
164 737
306 378
678 503
500 162
326 580
580 657
337 855
1050 546
408 863
459 634
352 843
380 167
731 824
3 19
28 833
204 692
285 622
774 236
856 368
303 584
605 48
792 450
439 95
168 421
962 311
306 57
518 195
605 190
538 77
865 623
624 381
173 331
518 676
534 551
292 606
950 861
773 687
184 234
259 757
896 491
859 484
187 614
733 107
344 33
170 430
881 609
720 523
104 104
1012 303
43 578
710 486
233 165
563 286
423 631
58 251
1104 577
326 202
1043 16
288 427
806 308
498 394
517 706
1001 153
353 97
752 44
405 807
901 140
1028 202
370 888
203 301
835 548
1109 788
558 129
433 375
734 66
967 384
698 628
222 174
89 383
330 298
3 242
34 2
1033 78
944 121
349 634
776 245
330 345
675 754
508 529
322 673
883 811
512 537
213 843
307 94
1078 650
162 817
777 767
371 427
648 887
1075 369
342 225
118 858
432 530
149 215
109 326
834 445
155 494
614 94
916 393
915 888
915 663
199 533
627 708
655 400
58 113
292 423
710 791
497 482
893 455
236 543
902 31
8 537
1102 587
863 128
342 203
742 126
190 876
671 514
82 464
442 541
6 622
209 876
115 245
971 235
119 10
350 279
254 190
205 702
819 525
688 818
19 396
156 746
525 107
337 595
315 787
519 251
125 551
672 101
956 32
555 638
887 457
40 264
1029 315
1029 865
887 739
948 443
1016 438
656 511
619 324
567 887
1094 183
1104 211
619 29
222 555
691 63
1045 623
99 817
133 461
454 764
1027 105
230 308
981 416
33 875
423 565
31 27
632 442
599 460
827 528
591 723
835 795
171 270
388 648
1002 136
454 901
413 64
183 635
502 350
876 569
373 469
230 524
739 516
661 526
572 396
178 522
191 481
1109 543
117 28
1086 817
1121 138
642 792
637 341
291 863
977 775
49 130
823 94
285 5
671 146
252 523
801 688
236 407
1117 744
932 752
97 506
674 374
476 788
714 161
1068 295
15 252
353 570
804 586
444 12
953 59
314 884
6 851
908 347
217 211
1061 107
997 669
618 383
979 277
292 567
812 775
528 67
64 243
166 853
299 72
53 506
63 883
1100 688
623 96
625 592
685 34
765 361
265 748
497 245
821 802
857 367
438 692
329 892
671 184
1037 664
894 777
133 101
209 345
70 819
860 711
980 688
847 545
22 617
201 62
944 206
932 790
242 340
359 578
192 262
772 893
186 315
208 739
969 674
1035 511
241 770
863 482
572 850
20 901
736 709
840 550
912 476
411 626
1022 829
726 669
893 492
237 697
249 699
700 470
650 842
836 246
859 552
962 890
519 265
414 247
404 289
1110 348
611 69
201 576
1107 443
1026 850
114 161
870 604
723 898
352 661
360 448
473 651
47 428
951 179
757 342
261 554
620 335
430 427
629 744
257 130
671 888
604 77
24 722
192 528
944 167
386 421
1104 573
1074 778
1013 239
386 62
260 885
1087 545
291 268
440 659
896 271
124 738
862 151
154 303
1080 302
787 218
341 234
405 440
41 691
712 827
470 469
645 265
542 143
1028 555
19 842
931 654
460 398
888 486
83 474
788 734
560 557
1015 510
636 91
862 876
699 431
638 445
748 428
351 249
818 737
378 547
286 470
359 24
571 880
937 778
530 741
465 461
73 740
471 722
696 7
819 343
442 850
1119 486
411 300
67 843
144 463
913 232
212 84
628 881
336 790
64 532
302 815
563 721
73 50
482 762
63 462
740 649
100 863
240 281
593 704
744 157
1030 811
826 864
11 140
363 876
294 399
564 671
1070 124
125 442
497 176
533 279
1018 194
988 556
963 83
189 210
991 222
506 468
240 797
760 334
191 489
888 821
826 413
656 554
11 825
864 858
950 653
979 299
344 317
303 631
22 106
115 828
1111 80
102 13
1117 887
596 61
521 669
360 812
457 509
648 403
712 238
681 850
365 196
437 141
424 106
239 778
690 881
394 46
495 786
1038 581
412 513
699 25
432 631
549 92
454 875
1042 669
873 742
75 682
576 145
668 695
788 843
718 790
867 603
512 439
440 241
517 483
722 841
90 58
723 521
627 564
821 258
847 367
216 425
96 713
1023 536
607 251
312 137
1062 390
1047 674
290 646
275 0
800 122
574 352
112 762
835 2
127 843
680 874
45 374
203 209
768 270
655 599
651 720
819 163
289 441
1112 584
151 809
360 759
428 657
647 557
1009 723
417 218
54 818
540 547
760 279
126 477
283 630
71 865
150 523
475 824
459 297
149 551
963 84
977 196
691 689
662 281
945 509
377 795
1045 307
693 606
357 110
569 856
424 414
445 393
937 326
796 722
344 597
235 512
752 685
434 862
42 237
1116 823
812 722
775 620
409 164
33 715
1086 677
671 257
927 167
263 358
786 390
433 227
63 711
7 161
399 693
239 152
1075 596
713 49
146 536
255 521
867 639
81 586
374 825
940 501
73 833
837 436
591 892
288 546
988 668
963 842
893 460
374 537
1092 776
942 274
131 489
174 207
1079 593
705 893
405 664
1035 128
1072 407
128 389
26 658
725 872
455 25
198 352
831 265
882 235
423 430
765 426
86 480
493 472
864 464
591 783
407 240
276 128
923 644
1104 308
446 813
644 217
243 786
1012 80
411 690
552 600
983 330
691 797
62 403
73 379
15 533
747 459
229 700
680 124
881 30
