15 15
15 55
15 95
15 135
15 175
15 215
15 255
15 295
15 335
15 375
55 15
55 55
55 95
55 135
55 175
55 215
55 255
55 295
55 335
55 375
95 15
95 55
95 95
95 135
95 175
95 215
95 255
95 295
95 335
95 375
135 15
135 55
135 95
135 135
135 175
135 215
135 255
135 295
135 335
135 375
175 15
175 55
175 95
175 135
175 175
175 215
175 255
175 295
175 335
175 375
215 15
215 55
215 95
215 135
215 175
215 215
215 255
215 295
215 335
215 375
255 15
255 55
255 95
255 135
255 175
255 215
255 255
255 295
255 335
255 375
295 15
295 55
295 95
295 135
295 175
295 215
295 255
295 295
295 335
295 375
335 15
335 55
335 95
335 135
335 175
335 215
335 255
335 295
335 335
335 375
375 15
375 55
375 95
375 135
375 175
375 215
375 255
375 295
375 335
375 375
415 15
415 55
415 95
415 135
415 175
415 215
415 255
415 295
415 335
415 375
455 15
455 55
455 95
455 135
455 175
455 215
455 255
455 295
455 335
455 375
495 15
495 55
495 95
495 135
495 175
495 215
495 255
495 295
495 335
495 375
535 15
535 55
535 95
535 135
535 175
535 215
535 255
535 295
535 335
535 375
575 15
575 55
575 95
575 135
575 175
575 215
575 255
575 295
575 335
575 375
615 15
615 55
615 95
615 135
615 175
615 215
615 255
615 295
615 335
615 375
655 15
655 55
655 95
655 135
655 175
655 215
655 255
655 295
655 335
655 375
695 15
695 55
695 95
695 135
695 175
695 215
695 255
695 295
695 335
695 375
735 15
735 55
735 95
735 135
735 175
735 215
735 255
735 295
735 335
735 375
775 15
775 55
775 95
775 135
775 175
775 215
775 255
775 295
775 335
775 375
