15 15
15,01 55
15,02 95
15,03 135
15,04 175
15,05 215
15,06 255
15,07 295
15,08 335
15,09 375
55 15,01
55,01 55,01
55,02 95,01
55,03 135,01
55,04 175,01
55,05 215,01
55,06 255,01
55,07 295,01
55,08 335,01
55,09 375,01
95 15,02
95,01 55,02
95,02 95,02
95,03 135,02
95,04 175,02
95,05 215,02
95,06 255,02
95,07 295,02
95,08 335,02
95,09 375,02
135 15,03
135,01 55,03
135,02 95,03
135,03 135,03
135,04 175,03
135,05 215,03
135,06 255,03
135,07 295,03
135,08 335,03
135,09 375,03
175 15,04
175,01 55,04
175,02 95,04
175,03 135,04
175,04 175,04
175,05 215,04
175,06 255,04
175,07 295,04
175,08 335,04
175,09 375,04
215 15,05
215,01 55,05
215,02 95,05
215,03 135,05
215,04 175,05
215,05 215,05
215,06 255,05
215,07 295,05
215,08 335,05
215,09 375,05
255 15,06
255,01 55,06
255,02 95,06
255,03 135,06
255,04 175,06
255,05 215,06
255,06 255,06
255,07 295,06
255,08 335,06
255,09 375,06
295 15,07
295,01 55,07
295,02 95,07
295,03 135,07
295,04 175,07
295,05 215,07
295,06 255,07
295,07 295,07
295,08 335,07
295,09 375,07
335 15,08
335,01 55,08
335,02 95,08
335,03 135,08
335,04 175,08
335,05 215,08
335,06 255,08
335,07 295,08
335,08 335,08
335,09 375,08
375 15,09
375,01 55,09
375,02 95,09
375,03 135,09
375,04 175,09
375,05 215,09
375,06 255,09
375,07 295,09
375,08 335,09
375,09 375,09
415 15,1
415,01 55,1
415,02 95,1
415,03 135,1
415,04 175,1
415,05 215,1
415,06 255,1
415,07 295,1
415,08 335,1
415,09 375,1
455 15,11
455,01 55,11
455,02 95,11
455,03 135,11
455,04 175,11
455,05 215,11
455,06 255,11
455,07 295,11
455,08 335,11
455,09 375,11
495 15,12
495,01 55,12
495,02 95,12
495,03 135,12
495,04 175,12
495,05 215,12
495,06 255,12
495,07 295,12
495,08 335,12
495,09 375,12
535 15,13
535,01 55,13
535,02 95,13
535,03 135,13
535,04 175,13
535,05 215,13
535,06 255,13
535,07 295,13
535,08 335,13
535,09 375,13
575 15,14
575,01 55,14
575,02 95,14
575,03 135,14
575,04 175,14
575,05 215,14
575,06 255,14
575,07 295,14
575,08 335,14
575,09 375,14
615 15,15
615,01 55,15
615,02 95,15
615,03 135,15
615,04 175,15
615,05 215,15
615,06 255,15
615,07 295,15
615,08 335,15
615,09 375,15
655 15,16
655,01 55,16
655,02 95,16
655,03 135,16
655,04 175,16
655,05 215,16
655,06 255,16
655,07 295,16
655,08 335,16
655,09 375,16
695 15,17
695,01 55,17
695,02 95,17
695,03 135,17
695,04 175,17
695,05 215,17
695,06 255,17
695,07 295,17
695,08 335,17
695,09 375,17
735 15,18
735,01 55,18
735,02 95,18
735,03 135,18
735,04 175,18
735,05 215,18
735,06 255,18
735,07 295,18
735,08 335,18
735,09 375,18
775 15,19
775,01 55,19
775,02 95,19
775,03 135,19
775,04 175,19
775,05 215,19
775,06 255,19
775,07 295,19
775,08 335,19
775,09 375,19
