25 415
25 405
25 425
15 415
35 415
55 415
55 405
55 425
45 415
65 415
55 385
55 375
55 395
45 385
65 385
55 445
55 435
55 455
45 445
65 445
85 415
85 405
85 425
75 415
95 415
115 415
115 405
115 425
105 415
125 415
145 415
145 405
145 425
135 415
155 415
145 385
145 375
145 395
135 385
155 385
145 445
145 435
145 455
135 445
155 445
175 415
175 405
175 425
165 415
185 415
115 325
115 315
115 335
105 325
125 325
145 325
145 315
145 335
135 325
155 325
145 295
145 285
145 305
135 295
155 295
145 355
145 345
145 365
135 355
155 355
175 325
175 315
175 335
165 325
185 325
115 505
115 495
115 515
105 505
125 505
145 505
145 495
145 515
135 505
155 505
145 475
145 465
145 485
135 475
155 475
145 535
145 525
145 545
135 535
155 535
175 505
175 495
175 515
165 505
185 505
205 415
205 405
205 425
195 415
215 415
235 415
235 405
235 425
225 415
245 415
235 385
235 375
235 395
225 385
245 385
235 445
235 435
235 455
225 445
245 445
265 415
265 405
265 425
255 415
275 415
295 415
295 405
295 425
285 415
305 415
325 415
325 405
325 425
315 415
335 415
325 385
325 375
325 395
315 385
335 385
325 445
325 435
325 455
315 445
335 445
355 415
355 405
355 425
345 415
365 415
385 415
385 405
385 425
375 415
395 415
415 415
415 405
415 425
405 415
425 415
415 385
415 375
415 395
405 385
425 385
415 445
415 435
415 455
405 445
425 445
445 415
445 405
445 425
435 415
455 415
385 325
385 315
385 335
375 325
395 325
415 325
415 315
415 335
405 325
425 325
415 295
415 285
415 305
405 295
425 295
415 355
415 345
415 365
405 355
425 355
445 325
445 315
445 335
435 325
455 325
385 505
385 495
385 515
375 505
395 505
415 505
415 495
415 515
405 505
425 505
415 475
415 465
415 485
405 475
425 475
415 535
415 525
415 545
405 535
425 535
445 505
445 495
445 515
435 505
455 505
475 415
475 405
475 425
465 415
485 415
505 415
505 405
505 425
495 415
515 415
505 385
505 375
505 395
495 385
515 385
505 445
505 435
505 455
495 445
515 445
535 415
535 405
535 425
525 415
545 415
295 145
295 135
295 155
285 145
305 145
325 145
325 135
325 155
315 145
335 145
325 115
325 105
325 125
315 115
335 115
325 175
325 165
325 185
315 175
335 175
355 145
355 135
355 155
345 145
365 145
385 145
385 135
385 155
375 145
395 145
415 145
415 135
415 155
405 145
425 145
415 115
415 105
415 125
405 115
425 115
415 175
415 165
415 185
405 175
425 175
445 145
445 135
445 155
435 145
455 145
385 55
385 45
385 65
375 55
395 55
415 55
415 45
415 65
405 55
425 55
415 25
415 15
415 35
405 25
425 25
415 85
415 75
415 95
405 85
425 85
445 55
445 45
445 65
435 55
455 55
385 235
385 225
385 245
375 235
395 235
415 235
415 225
415 245
405 235
425 235
415 205
415 195
415 215
405 205
425 205
415 265
415 255
415 275
405 265
425 265
445 235
445 225
445 245
435 235
455 235
475 145
475 135
475 155
465 145
485 145
505 145
505 135
505 155
495 145
515 145
505 115
505 105
505 125
495 115
515 115
505 175
505 165
505 185
495 175
515 175
535 145
535 135
535 155
525 145
545 145
295 685
295 675
295 695
285 685
305 685
325 685
325 675
325 695
315 685
335 685
325 655
325 645
325 665
315 655
335 655
325 715
325 705
325 725
315 715
335 715
355 685
355 675
355 695
345 685
365 685
385 685
385 675
385 695
375 685
395 685
415 685
415 675
415 695
405 685
425 685
415 655
415 645
415 665
405 655
425 655
415 715
415 705
415 725
405 715
425 715
445 685
445 675
445 695
435 685
455 685
385 595
385 585
385 605
375 595
395 595
415 595
415 585
415 605
405 595
425 595
415 565
415 555
415 575
405 565
425 565
415 625
415 615
415 635
405 625
425 625
445 595
445 585
445 605
435 595
455 595
385 775
385 765
385 785
375 775
395 775
415 775
415 765
415 785
405 775
425 775
415 745
415 735
415 755
405 745
425 745
415 805
415 795
415 815
405 805
425 805
445 775
445 765
445 785
435 775
455 775
475 685
475 675
475 695
465 685
485 685
505 685
505 675
505 695
495 685
515 685
505 655
505 645
505 665
495 655
515 655
505 715
505 705
505 725
495 715
515 715
535 685
535 675
535 695
525 685
545 685
565 415
565 405
565 425
555 415
575 415
595 415
595 405
595 425
585 415
605 415
595 385
595 375
595 395
585 385
605 385
595 445
595 435
595 455
585 445
605 445
625 415
625 405
625 425
615 415
635 415
655 415
655 405
655 425
645 415
665 415
685 415
685 405
685 425
675 415
695 415
685 385
685 375
685 395
675 385
695 385
685 445
685 435
685 455
675 445
695 445
715 415
715 405
715 425
705 415
725 415
655 325
655 315
655 335
645 325
665 325
685 325
685 315
685 335
675 325
695 325
685 295
685 285
685 305
675 295
695 295
685 355
685 345
685 365
675 355
695 355
715 325
715 315
715 335
705 325
725 325
655 505
655 495
655 515
645 505
665 505
685 505
685 495
685 515
675 505
695 505
685 475
685 465
685 485
675 475
695 475
685 535
685 525
685 545
675 535
695 535
715 505
715 495
715 515
705 505
725 505
745 415
745 405
745 425
735 415
755 415
775 415
775 405
775 425
765 415
785 415
775 385
775 375
775 395
765 385
785 385
775 445
775 435
775 455
765 445
785 445
805 415
805 405
805 425
795 415
815 415
