25 145
25 135
25 155
15 145
85 145
55 145
55 135
55 155
45 145
115 145
55 115
55 105
55 125
45 115
115 115
55 175
55 165
55 185
45 175
115 175
85 145
85 135
85 155
75 145
145 145
115 145
115 135
115 155
105 145
175 145
145 145
145 135
145 155
135 145
205 145
145 115
145 105
145 125
135 115
205 115
145 175
145 165
145 185
135 175
205 175
175 145
175 135
175 155
165 145
235 145
115 55
115 45
115 65
105 55
175 55
145 55
145 45
145 65
135 55
205 55
145 25
145 15
145 35
135 25
205 25
145 85
145 75
145 95
135 85
205 85
175 55
175 45
175 65
165 55
235 55
115 235
115 225
115 245
105 235
175 235
145 235
145 225
145 245
135 235
205 235
145 205
145 195
145 215
135 205
205 205
145 265
145 255
145 275
135 265
205 265
175 235
175 225
175 245
165 235
235 235
205 145
205 135
205 155
195 145
265 145
235 145
235 135
235 155
225 145
295 145
235 115
235 105
235 125
225 115
295 115
235 175
235 165
235 185
225 175
295 175
265 145
265 135
265 155
255 145
325 145
