15 15
15 35
15 25
25 15
25 35
35 25
35 15
35 35
15 45
15 65
15 55
25 45
25 65
35 55
35 45
35 65
15 75
15 95
15 85
25 75
25 95
35 85
35 75
35 95
45 15
45 35
45 25
55 15
55 35
65 25
65 15
65 35
45 75
45 95
45 85
55 75
55 95
65 85
65 75
65 95
75 15
75 35
75 25
85 15
85 35
95 25
95 15
95 35
75 45
75 65
75 55
85 45
85 65
95 55
95 45
95 65
75 75
75 95
75 85
85 75
85 95
95 85
95 75
95 95
15 105
15 125
15 115
25 105
25 125
35 115
35 105
35 125
15 135
15 155
15 145
25 135
25 155
35 145
35 135
35 155
15 165
15 185
15 175
25 165
25 185
35 175
35 165
35 185
45 105
45 125
45 115
55 105
55 125
65 115
65 105
65 125
45 165
45 185
45 175
55 165
55 185
65 175
65 165
65 185
75 105
75 125
75 115
85 105
85 125
95 115
95 105
95 125
75 135
75 155
75 145
85 135
85 155
95 145
95 135
95 155
75 165
75 185
75 175
85 165
85 185
95 175
95 165
95 185
15 195
15 215
15 205
25 195
25 215
35 205
35 195
35 215
15 225
15 245
15 235
25 225
25 245
35 235
35 225
35 245
15 255
15 275
15 265
25 255
25 275
35 265
35 255
35 275
45 195
45 215
45 205
55 195
55 215
65 205
65 195
65 215
45 255
45 275
45 265
55 255
55 275
65 265
65 255
65 275
75 195
75 215
75 205
85 195
85 215
95 205
95 195
95 215
75 225
75 245
75 235
85 225
85 245
95 235
95 225
95 245
75 255
75 275
75 265
85 255
85 275
95 265
95 255
95 275
105 15
105 35
105 25
115 15
115 35
125 25
125 15
125 35
105 45
105 65
105 55
115 45
115 65
125 55
125 45
125 65
105 75
105 95
105 85
115 75
115 95
125 85
125 75
125 95
135 15
135 35
135 25
145 15
145 35
155 25
155 15
155 35
135 75
135 95
135 85
145 75
145 95
155 85
155 75
155 95
165 15
165 35
165 25
175 15
175 35
185 25
185 15
185 35
165 45
165 65
165 55
175 45
175 65
185 55
185 45
185 65
165 75
165 95
165 85
175 75
175 95
185 85
185 75
185 95
105 195
105 215
105 205
115 195
115 215
125 205
125 195
125 215
105 225
105 245
105 235
115 225
115 245
125 235
125 225
125 245
105 255
105 275
105 265
115 255
115 275
125 265
125 255
125 275
135 195
135 215
135 205
145 195
145 215
155 205
155 195
155 215
135 255
135 275
135 265
145 255
145 275
155 265
155 255
155 275
165 195
165 215
165 205
175 195
175 215
185 205
185 195
185 215
165 225
165 245
165 235
175 225
175 245
185 235
185 225
185 245
165 255
165 275
165 265
175 255
175 275
185 265
185 255
185 275
195 15
195 35
195 25
205 15
205 35
215 25
215 15
215 35
195 45
195 65
195 55
205 45
205 65
215 55
215 45
215 65
195 75
195 95
195 85
205 75
205 95
215 85
215 75
215 95
225 15
225 35
225 25
235 15
235 35
245 25
245 15
245 35
225 75
225 95
225 85
235 75
235 95
245 85
245 75
245 95
255 15
255 35
255 25
265 15
265 35
275 25
275 15
275 35
255 45
255 65
255 55
265 45
265 65
275 55
275 45
275 65
255 75
255 95
255 85
265 75
265 95
275 85
275 75
275 95
195 105
195 125
195 115
205 105
205 125
215 115
215 105
215 125
195 135
195 155
195 145
205 135
205 155
215 145
215 135
215 155
195 165
195 185
195 175
205 165
205 185
215 175
215 165
215 185
225 105
225 125
225 115
235 105
235 125
245 115
245 105
245 125
225 165
225 185
225 175
235 165
235 185
245 175
245 165
245 185
255 105
255 125
255 115
265 105
265 125
275 115
275 105
275 125
255 135
255 155
255 145
265 135
265 155
275 145
275 135
275 155
255 165
255 185
255 175
265 165
265 185
275 175
275 165
275 185
195 195
195 215
195 205
205 195
205 215
215 205
215 195
215 215
195 225
195 245
195 235
205 225
205 245
215 235
215 225
215 245
195 255
195 275
195 265
205 255
205 275
215 265
215 255
215 275
225 195
225 215
225 205
235 195
235 215
245 205
245 195
245 215
225 255
225 275
225 265
235 255
235 275
245 265
245 255
245 275
255 195
255 215
255 205
265 195
265 215
275 205
275 195
275 215
255 225
255 245
255 235
265 225
265 245
275 235
275 225
275 245
255 255
255 275
255 265
265 255
265 275
275 265
275 255
275 275
15 285
15 305
15 295
25 285
25 305
35 295
35 285
35 305
15 315
15 335
15 325
25 315
25 335
35 325
35 315
35 335
15 345
15 365
15 355
25 345
25 365
35 355
35 345
35 365
45 285
45 305
45 295
55 285
55 305
65 295
65 285
65 305
45 345
45 365
45 355
55 345
55 365
65 355
65 345
65 365
75 285
75 305
75 295
85 285
85 305
95 295
95 285
95 305
75 315
75 335
75 325
85 315
85 335
95 325
95 315
95 335
75 345
75 365
75 355
85 345
85 365
95 355
95 345
95 365
15 375
15 395
15 385
25 375
25 395
35 385
35 375
35 395
15 405
15 425
15 415
25 405
25 425
35 415
35 405
35 425
15 435
15 455
15 445
25 435
25 455
35 445
35 435
35 455
45 375
45 395
45 385
55 375
55 395
65 385
65 375
65 395
45 435
45 455
45 445
55 435
55 455
65 445
65 435
65 455
75 375
75 395
75 385
85 375
85 395
95 385
95 375
95 395
75 405
75 425
75 415
85 405
85 425
95 415
95 405
95 425
75 435
75 455
75 445
85 435
85 455
95 445
95 435
95 455
15 465
15 485
15 475
25 465
25 485
35 475
35 465
35 485
15 495
15 515
15 505
25 495
25 515
35 505
35 495
35 515
15 525
15 545
15 535
25 525
25 545
35 535
35 525
35 545
45 465
45 485
45 475
55 465
55 485
65 475
65 465
65 485
45 525
45 545
45 535
55 525
55 545
65 535
65 525
65 545
75 465
75 485
75 475
85 465
85 485
95 475
95 465
95 485
75 495
75 515
75 505
85 495
85 515
95 505
95 495
95 515
75 525
75 545
75 535
85 525
85 545
95 535
95 525
95 545
105 285
105 305
105 295
115 285
115 305
125 295
125 285
125 305
105 315
105 335
105 325
115 315
115 335
125 325
125 315
125 335
105 345
105 365
105 355
115 345
115 365
125 355
125 345
125 365
135 285
135 305
135 295
145 285
145 305
155 295
155 285
155 305
135 345
135 365
135 355
145 345
145 365
155 355
155 345
155 365
165 285
165 305
165 295
175 285
175 305
185 295
185 285
185 305
165 315
165 335
165 325
175 315
175 335
185 325
185 315
185 335
165 345
165 365
165 355
175 345
175 365
185 355
185 345
185 365
105 465
105 485
105 475
115 465
115 485
125 475
125 465
125 485
105 495
105 515
105 505
115 495
115 515
125 505
125 495
125 515
105 525
105 545
105 535
115 525
115 545
125 535
125 525
125 545
135 465
135 485
135 475
145 465
145 485
155 475
155 465
155 485
135 525
135 545
135 535
145 525
145 545
155 535
155 525
155 545
165 465
165 485
165 475
175 465
175 485
185 475
185 465
185 485
165 495
165 515
165 505
175 495
175 515
185 505
185 495
185 515
165 525
165 545
165 535
175 525
175 545
185 535
185 525
185 545
195 285
195 305
195 295
205 285
205 305
215 295
215 285
215 305
195 315
195 335
195 325
205 315
205 335
215 325
215 315
215 335
195 345
195 365
195 355
205 345
205 365
215 355
215 345
215 365
225 285
225 305
225 295
235 285
235 305
245 295
245 285
245 305
225 345
225 365
225 355
235 345
235 365
245 355
245 345
245 365
255 285
255 305
255 295
265 285
265 305
275 295
275 285
275 305
255 315
255 335
255 325
265 315
265 335
275 325
275 315
275 335
255 345
255 365
255 355
265 345
265 365
275 355
275 345
275 365
195 375
195 395
195 385
205 375
205 395
215 385
215 375
215 395
195 405
195 425
195 415
205 405
205 425
215 415
215 405
215 425
195 435
195 455
195 445
205 435
205 455
215 445
215 435
215 455
225 375
225 395
225 385
235 375
235 395
245 385
245 375
245 395
225 435
225 455
225 445
235 435
235 455
245 445
245 435
245 455
255 375
255 395
255 385
265 375
265 395
275 385
275 375
275 395
255 405
255 425
255 415
265 405
265 425
275 415
275 405
275 425
255 435
255 455
255 445
265 435
265 455
275 445
275 435
275 455
195 465
195 485
195 475
205 465
205 485
215 475
215 465
215 485
195 495
195 515
195 505
205 495
205 515
215 505
215 495
215 515
195 525
195 545
195 535
205 525
205 545
215 535
215 525
215 545
225 465
225 485
225 475
235 465
235 485
245 475
245 465
245 485
225 525
225 545
225 535
235 525
235 545
245 535
245 525
245 545
255 465
255 485
255 475
265 465
265 485
275 475
275 465
275 485
255 495
255 515
255 505
265 495
265 515
275 505
275 495
275 515
255 525
255 545
255 535
265 525
265 545
275 535
275 525
275 545
15 555
15 575
15 565
25 555
25 575
35 565
35 555
35 575
15 585
15 605
15 595
25 585
25 605
35 595
35 585
35 605
15 615
15 635
15 625
25 615
25 635
35 625
35 615
35 635
45 555
45 575
45 565
55 555
55 575
65 565
65 555
65 575
45 615
45 635
45 625
55 615
55 635
65 625
65 615
65 635
75 555
75 575
75 565
85 555
85 575
95 565
95 555
95 575
75 585
75 605
75 595
85 585
85 605
95 595
95 585
95 605
75 615
75 635
75 625
85 615
85 635
95 625
95 615
95 635
15 645
15 665
15 655
25 645
25 665
35 655
35 645
35 665
15 675
15 695
15 685
25 675
25 695
35 685
35 675
35 695
15 705
15 725
15 715
25 705
25 725
35 715
35 705
35 725
45 645
45 665
45 655
55 645
55 665
65 655
65 645
65 665
45 705
45 725
45 715
55 705
55 725
65 715
65 705
65 725
75 645
75 665
75 655
85 645
85 665
95 655
95 645
95 665
75 675
75 695
75 685
85 675
85 695
95 685
95 675
95 695
75 705
75 725
75 715
85 705
85 725
95 715
95 705
95 725
15 735
15 755
15 745
25 735
25 755
35 745
35 735
35 755
15 765
15 785
15 775
25 765
25 785
35 775
35 765
35 785
15 795
15 815
15 805
25 795
25 815
35 805
35 795
35 815
45 735
45 755
45 745
55 735
55 755
65 745
65 735
65 755
45 795
45 815
45 805
55 795
55 815
65 805
65 795
65 815
75 735
75 755
75 745
85 735
85 755
95 745
95 735
95 755
75 765
75 785
75 775
85 765
85 785
95 775
95 765
95 785
75 795
75 815
75 805
85 795
85 815
95 805
95 795
95 815
105 555
105 575
105 565
115 555
115 575
125 565
125 555
125 575
105 585
105 605
105 595
115 585
115 605
125 595
125 585
125 605
105 615
105 635
105 625
115 615
115 635
125 625
125 615
125 635
135 555
135 575
135 565
145 555
145 575
155 565
155 555
155 575
135 615
135 635
135 625
145 615
145 635
155 625
155 615
155 635
165 555
165 575
165 565
175 555
175 575
185 565
185 555
185 575
165 585
165 605
165 595
175 585
175 605
185 595
185 585
185 605
165 615
165 635
165 625
175 615
175 635
185 625
185 615
185 635
105 735
105 755
105 745
115 735
115 755
125 745
125 735
125 755
105 765
105 785
105 775
115 765
115 785
125 775
125 765
125 785
105 795
105 815
105 805
115 795
115 815
125 805
125 795
125 815
135 735
135 755
135 745
145 735
145 755
155 745
155 735
155 755
135 795
135 815
135 805
145 795
145 815
155 805
155 795
155 815
165 735
165 755
165 745
175 735
175 755
185 745
185 735
185 755
165 765
165 785
165 775
175 765
175 785
185 775
185 765
185 785
165 795
165 815
165 805
175 795
175 815
185 805
185 795
185 815
195 555
195 575
195 565
205 555
205 575
215 565
215 555
215 575
195 585
195 605
195 595
205 585
205 605
215 595
215 585
215 605
195 615
195 635
195 625
205 615
205 635
215 625
215 615
215 635
225 555
225 575
225 565
235 555
235 575
245 565
245 555
245 575
225 615
225 635
225 625
235 615
235 635
245 625
245 615
245 635
255 555
255 575
255 565
265 555
265 575
275 565
275 555
275 575
255 585
255 605
255 595
265 585
265 605
275 595
275 585
275 605
255 615
255 635
255 625
265 615
265 635
275 625
275 615
275 635
195 645
195 665
195 655
205 645
205 665
215 655
215 645
215 665
195 675
195 695
195 685
205 675
205 695
215 685
215 675
215 695
195 705
195 725
195 715
205 705
205 725
215 715
215 705
215 725
225 645
225 665
225 655
235 645
235 665
245 655
245 645
245 665
225 705
225 725
225 715
235 705
235 725
245 715
245 705
245 725
255 645
255 665
255 655
265 645
265 665
275 655
275 645
275 665
255 675
255 695
255 685
265 675
265 695
275 685
275 675
275 695
255 705
255 725
255 715
265 705
265 725
275 715
275 705
275 725
195 735
195 755
195 745
205 735
205 755
215 745
215 735
215 755
195 765
195 785
195 775
205 765
205 785
215 775
215 765
215 785
195 795
195 815
195 805
205 795
205 815
215 805
215 795
215 815
225 735
225 755
225 745
235 735
235 755
245 745
245 735
245 755
225 795
225 815
225 805
235 795
235 815
245 805
245 795
245 815
255 735
255 755
255 745
265 735
265 755
275 745
275 735
275 755
255 765
255 785
255 775
265 765
265 785
275 775
275 765
275 785
255 795
255 815
255 805
265 795
265 815
275 805
275 795
275 815
285 15
285 35
285 25
295 15
295 35
305 25
305 15
305 35
285 45
285 65
285 55
295 45
295 65
305 55
305 45
305 65
285 75
285 95
285 85
295 75
295 95
305 85
305 75
305 95
315 15
315 35
315 25
325 15
325 35
335 25
335 15
335 35
315 75
315 95
315 85
325 75
325 95
335 85
335 75
335 95
345 15
345 35
345 25
355 15
355 35
365 25
365 15
365 35
345 45
345 65
345 55
355 45
355 65
365 55
365 45
365 65
345 75
345 95
345 85
355 75
355 95
365 85
365 75
365 95
285 105
285 125
285 115
295 105
295 125
305 115
305 105
305 125
285 135
285 155
285 145
295 135
295 155
305 145
305 135
305 155
285 165
285 185
285 175
295 165
295 185
305 175
305 165
305 185
315 105
315 125
315 115
325 105
325 125
335 115
335 105
335 125
315 165
315 185
315 175
325 165
325 185
335 175
335 165
335 185
345 105
345 125
345 115
355 105
355 125
365 115
365 105
365 125
345 135
345 155
345 145
355 135
355 155
365 145
365 135
365 155
345 165
345 185
345 175
355 165
355 185
365 175
365 165
365 185
285 195
285 215
285 205
295 195
295 215
305 205
305 195
305 215
285 225
285 245
285 235
295 225
295 245
305 235
305 225
305 245
285 255
285 275
285 265
295 255
295 275
305 265
305 255
305 275
315 195
315 215
315 205
325 195
325 215
335 205
335 195
335 215
315 255
315 275
315 265
325 255
325 275
335 265
335 255
335 275
345 195
345 215
345 205
355 195
355 215
365 205
365 195
365 215
345 225
345 245
345 235
355 225
355 245
365 235
365 225
365 245
345 255
345 275
345 265
355 255
355 275
365 265
365 255
365 275
375 15
375 35
375 25
385 15
385 35
395 25
395 15
395 35
375 45
375 65
375 55
385 45
385 65
395 55
395 45
395 65
375 75
375 95
375 85
385 75
385 95
395 85
395 75
395 95
405 15
405 35
405 25
415 15
415 35
425 25
425 15
425 35
405 75
405 95
405 85
415 75
415 95
425 85
425 75
425 95
435 15
435 35
435 25
445 15
445 35
455 25
455 15
455 35
435 45
435 65
435 55
445 45
445 65
455 55
455 45
455 65
435 75
435 95
435 85
445 75
445 95
455 85
455 75
455 95
375 195
375 215
375 205
385 195
385 215
395 205
395 195
395 215
375 225
375 245
375 235
385 225
385 245
395 235
395 225
395 245
375 255
375 275
375 265
385 255
385 275
395 265
395 255
395 275
405 195
405 215
405 205
415 195
415 215
425 205
425 195
425 215
405 255
405 275
405 265
415 255
415 275
425 265
425 255
425 275
435 195
435 215
435 205
445 195
445 215
455 205
455 195
455 215
435 225
435 245
435 235
445 225
445 245
455 235
455 225
455 245
435 255
435 275
435 265
445 255
445 275
455 265
455 255
455 275
465 15
465 35
465 25
475 15
475 35
485 25
485 15
485 35
465 45
465 65
465 55
475 45
475 65
485 55
485 45
485 65
465 75
465 95
465 85
475 75
475 95
485 85
485 75
485 95
495 15
495 35
495 25
505 15
505 35
515 25
515 15
515 35
495 75
495 95
495 85
505 75
505 95
515 85
515 75
515 95
525 15
525 35
525 25
535 15
535 35
545 25
545 15
545 35
525 45
525 65
525 55
535 45
535 65
545 55
545 45
545 65
525 75
525 95
525 85
535 75
535 95
545 85
545 75
545 95
465 105
465 125
465 115
475 105
475 125
485 115
485 105
485 125
465 135
465 155
465 145
475 135
475 155
485 145
485 135
485 155
465 165
465 185
465 175
475 165
475 185
485 175
485 165
485 185
495 105
495 125
495 115
505 105
505 125
515 115
515 105
515 125
495 165
495 185
495 175
505 165
505 185
515 175
515 165
515 185
525 105
525 125
525 115
535 105
535 125
545 115
545 105
545 125
525 135
525 155
525 145
535 135
535 155
545 145
545 135
545 155
525 165
525 185
525 175
535 165
535 185
545 175
545 165
545 185
465 195
465 215
465 205
475 195
475 215
485 205
485 195
485 215
465 225
465 245
465 235
475 225
475 245
485 235
485 225
485 245
465 255
465 275
465 265
475 255
475 275
485 265
485 255
485 275
495 195
495 215
495 205
505 195
505 215
515 205
515 195
515 215
495 255
495 275
495 265
505 255
505 275
515 265
515 255
515 275
525 195
525 215
525 205
535 195
535 215
545 205
545 195
545 215
525 225
525 245
525 235
535 225
535 245
545 235
545 225
545 245
525 255
525 275
525 265
535 255
535 275
545 265
545 255
545 275
285 555
285 575
285 565
295 555
295 575
305 565
305 555
305 575
285 585
285 605
285 595
295 585
295 605
305 595
305 585
305 605
285 615
285 635
285 625
295 615
295 635
305 625
305 615
305 635
315 555
315 575
315 565
325 555
325 575
335 565
335 555
335 575
315 615
315 635
315 625
325 615
325 635
335 625
335 615
335 635
345 555
345 575
345 565
355 555
355 575
365 565
365 555
365 575
345 585
345 605
345 595
355 585
355 605
365 595
365 585
365 605
345 615
345 635
345 625
355 615
355 635
365 625
365 615
365 635
285 645
285 665
285 655
295 645
295 665
305 655
305 645
305 665
285 675
285 695
285 685
295 675
295 695
305 685
305 675
305 695
285 705
285 725
285 715
295 705
295 725
305 715
305 705
305 725
315 645
315 665
315 655
325 645
325 665
335 655
335 645
335 665
315 705
315 725
315 715
325 705
325 725
335 715
335 705
335 725
345 645
345 665
345 655
355 645
355 665
365 655
365 645
365 665
345 675
345 695
345 685
355 675
355 695
365 685
365 675
365 695
345 705
345 725
345 715
355 705
355 725
365 715
365 705
365 725
285 735
285 755
285 745
295 735
295 755
305 745
305 735
305 755
285 765
285 785
285 775
295 765
295 785
305 775
305 765
305 785
285 795
285 815
285 805
295 795
295 815
305 805
305 795
305 815
315 735
315 755
315 745
325 735
325 755
335 745
335 735
335 755
315 795
315 815
315 805
325 795
325 815
335 805
335 795
335 815
345 735
345 755
345 745
355 735
355 755
365 745
365 735
365 755
345 765
345 785
345 775
355 765
355 785
365 775
365 765
365 785
345 795
345 815
345 805
355 795
355 815
365 805
365 795
365 815
375 555
375 575
375 565
385 555
385 575
395 565
395 555
395 575
375 585
375 605
375 595
385 585
385 605
395 595
395 585
395 605
375 615
375 635
375 625
385 615
385 635
395 625
395 615
395 635
405 555
405 575
405 565
415 555
415 575
425 565
425 555
425 575
405 615
405 635
405 625
415 615
415 635
425 625
425 615
425 635
435 555
435 575
435 565
445 555
445 575
455 565
455 555
455 575
435 585
435 605
435 595
445 585
445 605
455 595
455 585
455 605
435 615
435 635
435 625
445 615
445 635
455 625
455 615
455 635
375 735
375 755
375 745
385 735
385 755
395 745
395 735
395 755
375 765
375 785
375 775
385 765
385 785
395 775
395 765
395 785
375 795
375 815
375 805
385 795
385 815
395 805
395 795
395 815
405 735
405 755
405 745
415 735
415 755
425 745
425 735
425 755
405 795
405 815
405 805
415 795
415 815
425 805
425 795
425 815
435 735
435 755
435 745
445 735
445 755
455 745
455 735
455 755
435 765
435 785
435 775
445 765
445 785
455 775
455 765
455 785
435 795
435 815
435 805
445 795
445 815
455 805
455 795
455 815
465 555
465 575
465 565
475 555
475 575
485 565
485 555
485 575
465 585
465 605
465 595
475 585
475 605
485 595
485 585
485 605
465 615
465 635
465 625
475 615
475 635
485 625
485 615
485 635
495 555
495 575
495 565
505 555
505 575
515 565
515 555
515 575
495 615
495 635
495 625
505 615
505 635
515 625
515 615
515 635
525 555
525 575
525 565
535 555
535 575
545 565
545 555
545 575
525 585
525 605
525 595
535 585
535 605
545 595
545 585
545 605
525 615
525 635
525 625
535 615
535 635
545 625
545 615
545 635
465 645
465 665
465 655
475 645
475 665
485 655
485 645
485 665
465 675
465 695
465 685
475 675
475 695
485 685
485 675
485 695
465 705
465 725
465 715
475 705
475 725
485 715
485 705
485 725
495 645
495 665
495 655
505 645
505 665
515 655
515 645
515 665
495 705
495 725
495 715
505 705
505 725
515 715
515 705
515 725
525 645
525 665
525 655
535 645
535 665
545 655
545 645
545 665
525 675
525 695
525 685
535 675
535 695
545 685
545 675
545 695
525 705
525 725
525 715
535 705
535 725
545 715
545 705
545 725
465 735
465 755
465 745
475 735
475 755
485 745
485 735
485 755
465 765
465 785
465 775
475 765
475 785
485 775
485 765
485 785
465 795
465 815
465 805
475 795
475 815
485 805
485 795
485 815
495 735
495 755
495 745
505 735
505 755
515 745
515 735
515 755
495 795
495 815
495 805
505 795
505 815
515 805
515 795
515 815
525 735
525 755
525 745
535 735
535 755
545 745
545 735
545 755
525 765
525 785
525 775
535 765
535 785
545 775
545 765
545 785
525 795
525 815
525 805
535 795
535 815
545 805
545 795
545 815
555 15
555 35
555 25
565 15
565 35
575 25
575 15
575 35
555 45
555 65
555 55
565 45
565 65
575 55
575 45
575 65
555 75
555 95
555 85
565 75
565 95
575 85
575 75
575 95
585 15
585 35
585 25
595 15
595 35
605 25
605 15
605 35
585 75
585 95
585 85
595 75
595 95
605 85
605 75
605 95
615 15
615 35
615 25
625 15
625 35
635 25
635 15
635 35
615 45
615 65
615 55
625 45
625 65
635 55
635 45
635 65
615 75
615 95
615 85
625 75
625 95
635 85
635 75
635 95
555 105
555 125
555 115
565 105
565 125
575 115
575 105
575 125
555 135
555 155
555 145
565 135
565 155
575 145
575 135
575 155
555 165
555 185
555 175
565 165
565 185
575 175
575 165
575 185
585 105
585 125
585 115
595 105
595 125
605 115
605 105
605 125
585 165
585 185
585 175
595 165
595 185
605 175
605 165
605 185
615 105
615 125
615 115
625 105
625 125
635 115
635 105
635 125
615 135
615 155
615 145
625 135
625 155
635 145
635 135
635 155
615 165
615 185
615 175
625 165
625 185
635 175
635 165
635 185
555 195
555 215
555 205
565 195
565 215
575 205
575 195
575 215
555 225
555 245
555 235
565 225
565 245
575 235
575 225
575 245
555 255
555 275
555 265
565 255
565 275
575 265
575 255
575 275
585 195
585 215
585 205
595 195
595 215
605 205
605 195
605 215
585 255
585 275
585 265
595 255
595 275
605 265
605 255
605 275
615 195
615 215
615 205
625 195
625 215
635 205
635 195
635 215
615 225
615 245
615 235
625 225
625 245
635 235
635 225
635 245
615 255
615 275
615 265
625 255
625 275
635 265
635 255
635 275
645 15
645 35
645 25
655 15
655 35
665 25
665 15
665 35
645 45
645 65
645 55
655 45
655 65
665 55
665 45
665 65
645 75
645 95
645 85
655 75
655 95
665 85
665 75
665 95
675 15
675 35
675 25
685 15
685 35
695 25
695 15
695 35
675 75
675 95
675 85
685 75
685 95
695 85
695 75
695 95
705 15
705 35
705 25
715 15
715 35
725 25
725 15
725 35
705 45
705 65
705 55
715 45
715 65
725 55
725 45
725 65
705 75
705 95
705 85
715 75
715 95
725 85
725 75
725 95
645 195
645 215
645 205
655 195
655 215
665 205
665 195
665 215
645 225
645 245
645 235
655 225
655 245
665 235
665 225
665 245
645 255
645 275
645 265
655 255
655 275
665 265
665 255
665 275
675 195
675 215
675 205
685 195
685 215
695 205
695 195
695 215
675 255
675 275
675 265
685 255
685 275
695 265
695 255
695 275
705 195
705 215
705 205
715 195
715 215
725 205
725 195
725 215
705 225
705 245
705 235
715 225
715 245
725 235
725 225
725 245
705 255
705 275
705 265
715 255
715 275
725 265
725 255
725 275
735 15
735 35
735 25
745 15
745 35
755 25
755 15
755 35
735 45
735 65
735 55
745 45
745 65
755 55
755 45
755 65
735 75
735 95
735 85
745 75
745 95
755 85
755 75
755 95
765 15
765 35
765 25
775 15
775 35
785 25
785 15
785 35
765 75
765 95
765 85
775 75
775 95
785 85
785 75
785 95
795 15
795 35
795 25
805 15
805 35
815 25
815 15
815 35
795 45
795 65
795 55
805 45
805 65
815 55
815 45
815 65
795 75
795 95
795 85
805 75
805 95
815 85
815 75
815 95
735 105
735 125
735 115
745 105
745 125
755 115
755 105
755 125
735 135
735 155
735 145
745 135
745 155
755 145
755 135
755 155
735 165
735 185
735 175
745 165
745 185
755 175
755 165
755 185
765 105
765 125
765 115
775 105
775 125
785 115
785 105
785 125
765 165
765 185
765 175
775 165
775 185
785 175
785 165
785 185
795 105
795 125
795 115
805 105
805 125
815 115
815 105
815 125
795 135
795 155
795 145
805 135
805 155
815 145
815 135
815 155
795 165
795 185
795 175
805 165
805 185
815 175
815 165
815 185
735 195
735 215
735 205
745 195
745 215
755 205
755 195
755 215
735 225
735 245
735 235
745 225
745 245
755 235
755 225
755 245
735 255
735 275
735 265
745 255
745 275
755 265
755 255
755 275
765 195
765 215
765 205
775 195
775 215
785 205
785 195
785 215
765 255
765 275
765 265
775 255
775 275
785 265
785 255
785 275
795 195
795 215
795 205
805 195
805 215
815 205
815 195
815 215
795 225
795 245
795 235
805 225
805 245
815 235
815 225
815 245
795 255
795 275
795 265
805 255
805 275
815 265
815 255
815 275
555 285
555 305
555 295
565 285
565 305
575 295
575 285
575 305
555 315
555 335
555 325
565 315
565 335
575 325
575 315
575 335
555 345
555 365
555 355
565 345
565 365
575 355
575 345
575 365
585 285
585 305
585 295
595 285
595 305
605 295
605 285
605 305
585 345
585 365
585 355
595 345
595 365
605 355
605 345
605 365
615 285
615 305
615 295
625 285
625 305
635 295
635 285
635 305
615 315
615 335
615 325
625 315
625 335
635 325
635 315
635 335
615 345
615 365
615 355
625 345
625 365
635 355
635 345
635 365
555 375
555 395
555 385
565 375
565 395
575 385
575 375
575 395
555 405
555 425
555 415
565 405
565 425
575 415
575 405
575 425
555 435
555 455
555 445
565 435
565 455
575 445
575 435
575 455
585 375
585 395
585 385
595 375
595 395
605 385
605 375
605 395
585 435
585 455
585 445
595 435
595 455
605 445
605 435
605 455
615 375
615 395
615 385
625 375
625 395
635 385
635 375
635 395
615 405
615 425
615 415
625 405
625 425
635 415
635 405
635 425
615 435
615 455
615 445
625 435
625 455
635 445
635 435
635 455
555 465
555 485
555 475
565 465
565 485
575 475
575 465
575 485
555 495
555 515
555 505
565 495
565 515
575 505
575 495
575 515
555 525
555 545
555 535
565 525
565 545
575 535
575 525
575 545
585 465
585 485
585 475
595 465
595 485
605 475
605 465
605 485
585 525
585 545
585 535
595 525
595 545
605 535
605 525
605 545
615 465
615 485
615 475
625 465
625 485
635 475
635 465
635 485
615 495
615 515
615 505
625 495
625 515
635 505
635 495
635 515
615 525
615 545
615 535
625 525
625 545
635 535
635 525
635 545
645 285
645 305
645 295
655 285
655 305
665 295
665 285
665 305
645 315
645 335
645 325
655 315
655 335
665 325
665 315
665 335
645 345
645 365
645 355
655 345
655 365
665 355
665 345
665 365
675 285
675 305
675 295
685 285
685 305
695 295
695 285
695 305
675 345
675 365
675 355
685 345
685 365
695 355
695 345
695 365
705 285
705 305
705 295
715 285
715 305
725 295
725 285
725 305
705 315
705 335
705 325
715 315
715 335
725 325
725 315
725 335
705 345
705 365
705 355
715 345
715 365
725 355
725 345
725 365
645 465
645 485
645 475
655 465
655 485
665 475
665 465
665 485
645 495
645 515
645 505
655 495
655 515
665 505
665 495
665 515
645 525
645 545
645 535
655 525
655 545
665 535
665 525
665 545
675 465
675 485
675 475
685 465
685 485
695 475
695 465
695 485
675 525
675 545
675 535
685 525
685 545
695 535
695 525
695 545
705 465
705 485
705 475
715 465
715 485
725 475
725 465
725 485
705 495
705 515
705 505
715 495
715 515
725 505
725 495
725 515
705 525
705 545
705 535
715 525
715 545
725 535
725 525
725 545
735 285
735 305
735 295
745 285
745 305
755 295
755 285
755 305
735 315
735 335
735 325
745 315
745 335
755 325
755 315
755 335
735 345
735 365
735 355
745 345
745 365
755 355
755 345
755 365
765 285
765 305
765 295
775 285
775 305
785 295
785 285
785 305
765 345
765 365
765 355
775 345
775 365
785 355
785 345
785 365
795 285
795 305
795 295
805 285
805 305
815 295
815 285
815 305
795 315
795 335
795 325
805 315
805 335
815 325
815 315
815 335
795 345
795 365
795 355
805 345
805 365
815 355
815 345
815 365
735 375
735 395
735 385
745 375
745 395
755 385
755 375
755 395
735 405
735 425
735 415
745 405
745 425
755 415
755 405
755 425
735 435
735 455
735 445
745 435
745 455
755 445
755 435
755 455
765 375
765 395
765 385
775 375
775 395
785 385
785 375
785 395
765 435
765 455
765 445
775 435
775 455
785 445
785 435
785 455
795 375
795 395
795 385
805 375
805 395
815 385
815 375
815 395
795 405
795 425
795 415
805 405
805 425
815 415
815 405
815 425
795 435
795 455
795 445
805 435
805 455
815 445
815 435
815 455
735 465
735 485
735 475
745 465
745 485
755 475
755 465
755 485
735 495
735 515
735 505
745 495
745 515
755 505
755 495
755 515
735 525
735 545
735 535
745 525
745 545
755 535
755 525
755 545
765 465
765 485
765 475
775 465
775 485
785 475
785 465
785 485
765 525
765 545
765 535
775 525
775 545
785 535
785 525
785 545
795 465
795 485
795 475
805 465
805 485
815 475
815 465
815 485
795 495
795 515
795 505
805 495
805 515
815 505
815 495
815 515
795 525
795 545
795 535
805 525
805 545
815 535
815 525
815 545
555 555
555 575
555 565
565 555
565 575
575 565
575 555
575 575
555 585
555 605
555 595
565 585
565 605
575 595
575 585
575 605
555 615
555 635
555 625
565 615
565 635
575 625
575 615
575 635
585 555
585 575
585 565
595 555
595 575
605 565
605 555
605 575
585 615
585 635
585 625
595 615
595 635
605 625
605 615
605 635
615 555
615 575
615 565
625 555
625 575
635 565
635 555
635 575
615 585
615 605
615 595
625 585
625 605
635 595
635 585
635 605
615 615
615 635
615 625
625 615
625 635
635 625
635 615
635 635
555 645
555 665
555 655
565 645
565 665
575 655
575 645
575 665
555 675
555 695
555 685
565 675
565 695
575 685
575 675
575 695
555 705
555 725
555 715
565 705
565 725
575 715
575 705
575 725
585 645
585 665
585 655
595 645
595 665
605 655
605 645
605 665
585 705
585 725
585 715
595 705
595 725
605 715
605 705
605 725
615 645
615 665
615 655
625 645
625 665
635 655
635 645
635 665
615 675
615 695
615 685
625 675
625 695
635 685
635 675
635 695
615 705
615 725
615 715
625 705
625 725
635 715
635 705
635 725
555 735
555 755
555 745
565 735
565 755
575 745
575 735
575 755
555 765
555 785
555 775
565 765
565 785
575 775
575 765
575 785
555 795
555 815
555 805
565 795
565 815
575 805
575 795
575 815
585 735
585 755
585 745
595 735
595 755
605 745
605 735
605 755
585 795
585 815
585 805
595 795
595 815
605 805
605 795
605 815
615 735
615 755
615 745
625 735
625 755
635 745
635 735
635 755
615 765
615 785
615 775
625 765
625 785
635 775
635 765
635 785
615 795
615 815
615 805
625 795
625 815
635 805
635 795
635 815
645 555
645 575
645 565
655 555
655 575
665 565
665 555
665 575
645 585
645 605
645 595
655 585
655 605
665 595
665 585
665 605
645 615
645 635
645 625
655 615
655 635
665 625
665 615
665 635
675 555
675 575
675 565
685 555
685 575
695 565
695 555
695 575
675 615
675 635
675 625
685 615
685 635
695 625
695 615
695 635
705 555
705 575
705 565
715 555
715 575
725 565
725 555
725 575
705 585
705 605
705 595
715 585
715 605
725 595
725 585
725 605
705 615
705 635
705 625
715 615
715 635
725 625
725 615
725 635
645 735
645 755
645 745
655 735
655 755
665 745
665 735
665 755
645 765
645 785
645 775
655 765
655 785
665 775
665 765
665 785
645 795
645 815
645 805
655 795
655 815
665 805
665 795
665 815
675 735
675 755
675 745
685 735
685 755
695 745
695 735
695 755
675 795
675 815
675 805
685 795
685 815
695 805
695 795
695 815
705 735
705 755
705 745
715 735
715 755
725 745
725 735
725 755
705 765
705 785
705 775
715 765
715 785
725 775
725 765
725 785
705 795
705 815
705 805
715 795
715 815
725 805
725 795
725 815
735 555
735 575
735 565
745 555
745 575
755 565
755 555
755 575
735 585
735 605
735 595
745 585
745 605
755 595
755 585
755 605
735 615
735 635
735 625
745 615
745 635
755 625
755 615
755 635
765 555
765 575
765 565
775 555
775 575
785 565
785 555
785 575
765 615
765 635
765 625
775 615
775 635
785 625
785 615
785 635
795 555
795 575
795 565
805 555
805 575
815 565
815 555
815 575
795 585
795 605
795 595
805 585
805 605
815 595
815 585
815 605
795 615
795 635
795 625
805 615
805 635
815 625
815 615
815 635
735 645
735 665
735 655
745 645
745 665
755 655
755 645
755 665
735 675
735 695
735 685
745 675
745 695
755 685
755 675
755 695
735 705
735 725
735 715
745 705
745 725
755 715
755 705
755 725
765 645
765 665
765 655
775 645
775 665
785 655
785 645
785 665
765 705
765 725
765 715
775 705
775 725
785 715
785 705
785 725
795 645
795 665
795 655
805 645
805 665
815 655
815 645
815 665
795 675
795 695
795 685
805 675
805 695
815 685
815 675
815 695
795 705
795 725
795 715
805 705
805 725
815 715
815 705
815 725
735 735
735 755
735 745
745 735
745 755
755 745
755 735
755 755
735 765
735 785
735 775
745 765
745 785
755 775
755 765
755 785
735 795
735 815
735 805
745 795
745 815
755 805
755 795
755 815
765 735
765 755
765 745
775 735
775 755
785 745
785 735
785 755
765 795
765 815
765 805
775 795
775 815
785 805
785 795
785 815
795 735
795 755
795 745
805 735
805 755
815 745
815 735
815 755
795 765
795 785
795 775
805 765
805 785
815 775
815 765
815 785
795 795
795 815
795 805
805 795
805 815
815 805
815 795
815 815
