25 25
25 85
25 55
55 25
55 85
85 55
85 25
85 85
25 115
25 175
25 145
55 115
55 175
85 145
85 115
85 175
25 205
25 265
25 235
55 205
55 265
85 235
85 205
85 265
115 25
115 85
115 55
145 25
145 85
175 55
175 25
175 85
115 205
115 265
115 235
145 205
145 265
175 235
175 205
175 265
205 25
205 85
205 55
235 25
235 85
265 55
265 25
265 85
205 115
205 175
205 145
235 115
235 175
265 145
265 115
265 175
205 205
205 265
205 235
235 205
235 265
265 235
265 205
265 265
25 295
25 355
25 325
55 295
55 355
85 325
85 295
85 355
25 385
25 445
25 415
55 385
55 445
85 415
85 385
85 445
25 475
25 535
25 505
55 475
55 535
85 505
85 475
85 535
115 295
115 355
115 325
145 295
145 355
175 325
175 295
175 355
115 475
115 535
115 505
145 475
145 535
175 505
175 475
175 535
205 295
205 355
205 325
235 295
235 355
265 325
265 295
265 355
205 385
205 445
205 415
235 385
235 445
265 415
265 385
265 445
205 475
205 535
205 505
235 475
235 535
265 505
265 475
265 535
25 565
25 625
25 595
55 565
55 625
85 595
85 565
85 625
25 655
25 715
25 685
55 655
55 715
85 685
85 655
85 715
25 745
25 805
25 775
55 745
55 805
85 775
85 745
85 805
115 565
115 625
115 595
145 565
145 625
175 595
175 565
175 625
115 745
115 805
115 775
145 745
145 805
175 775
175 745
175 805
205 565
205 625
205 595
235 565
235 625
265 595
265 565
265 625
205 655
205 715
205 685
235 655
235 715
265 685
265 655
265 715
205 745
205 805
205 775
235 745
235 805
265 775
265 745
265 805
295 25
295 85
295 55
325 25
325 85
355 55
355 25
355 85
295 115
295 175
295 145
325 115
325 175
355 145
355 115
355 175
295 205
295 265
295 235
325 205
325 265
355 235
355 205
355 265
385 25
385 85
385 55
415 25
415 85
445 55
445 25
445 85
385 205
385 265
385 235
415 205
415 265
445 235
445 205
445 265
475 25
475 85
475 55
505 25
505 85
535 55
535 25
535 85
475 115
475 175
475 145
505 115
505 175
535 145
535 115
535 175
475 205
475 265
475 235
505 205
505 265
535 235
535 205
535 265
295 565
295 625
295 595
325 565
325 625
355 595
355 565
355 625
295 655
295 715
295 685
325 655
325 715
355 685
355 655
355 715
295 745
295 805
295 775
325 745
325 805
355 775
355 745
355 805
385 565
385 625
385 595
415 565
415 625
445 595
445 565
445 625
385 745
385 805
385 775
415 745
415 805
445 775
445 745
445 805
475 565
475 625
475 595
505 565
505 625
535 595
535 565
535 625
475 655
475 715
475 685
505 655
505 715
535 685
535 655
535 715
475 745
475 805
475 775
505 745
505 805
535 775
535 745
535 805
565 25
565 85
565 55
595 25
595 85
625 55
625 25
625 85
565 115
565 175
565 145
595 115
595 175
625 145
625 115
625 175
565 205
565 265
565 235
595 205
595 265
625 235
625 205
625 265
655 25
655 85
655 55
685 25
685 85
715 55
715 25
715 85
655 205
655 265
655 235
685 205
685 265
715 235
715 205
715 265
745 25
745 85
745 55
775 25
775 85
805 55
805 25
805 85
745 115
745 175
745 145
775 115
775 175
805 145
805 115
805 175
745 205
745 265
745 235
775 205
775 265
805 235
805 205
805 265
565 295
565 355
565 325
595 295
595 355
625 325
625 295
625 355
565 385
565 445
565 415
595 385
595 445
625 415
625 385
625 445
565 475
565 535
565 505
595 475
595 535
625 505
625 475
625 535
655 295
655 355
655 325
685 295
685 355
715 325
715 295
715 355
655 475
655 535
655 505
685 475
685 535
715 505
715 475
715 535
745 295
745 355
745 325
775 295
775 355
805 325
805 295
805 355
745 385
745 445
745 415
775 385
775 445
805 415
805 385
805 445
745 475
745 535
745 505
775 475
775 535
805 505
805 475
805 535
565 565
565 625
565 595
595 565
595 625
625 595
625 565
625 625
565 655
565 715
565 685
595 655
595 715
625 685
625 655
625 715
565 745
565 805
565 775
595 745
595 805
625 775
625 745
625 805
655 565
655 625
655 595
685 565
685 625
715 595
715 565
715 625
655 745
655 805
655 775
685 745
685 805
715 775
715 745
715 805
745 565
745 625
745 595
775 565
775 625
805 595
805 565
805 625
745 655
745 715
745 685
775 655
775 715
805 685
805 655
805 715
745 745
745 805
745 775
775 745
775 805
805 775
805 745
805 805
